1
0
64
147
169
0
1
101
90
182
195
56
93
227
0
84
0
1
124
1
101
135
72
22
1
148
197
89
4
124
63
32
0
57
189
62
103
118
132
43
1
1
99
110
131
1
199
123
65
58
1
188
8
157
186
1
141
207
104
185
0
141
113
1
126
165
0
1
227
123
182
107
0
228
7
119
134
184
92
36
1
0
120
147
99
44
55
1
117
7
1
240
12
150
248
195
141
220
179
48
35
168
121
123
86
49
187
1
239
154
1
155
0
44
52
235
152
0
113
89
1
87
1
0
83
118
154
132
107
247
169
244
187
165
175
186
64
220
166
130
0
88
1
169
131
0
158
50
0
131
144
151
0
12
1
139
1
0
0
1
71
168
45
154
183
104
1
60
4
215
59
178
0
0
192
127
141
0
107
187
33
32
219
83
183
136
55
10
139
128
52
169
1
232
100
160
9
0
0
1
71
169
24
197
1
235
34
159
81
0
65
180
27
161
44
4
67
144
130
83
187
171
244
0
0
1
179
156
119
79
137
110
1
114
1
0
194
79
159
35
49
132
146
76
83
175
149
126
252
140
168
117
95
159
0
141
67
6
235
120
7
88
124
80
143
43
9
195
173
169
1
1
172
120
1
1
215
252
130
252
35
37
104
132
150
0
170
75
167
144
98
185
0
1
240
68
99
28
124
142
138
1
172
27
91
0
35
40
184
193
23
1
160
91
1
116
160
0
1
228
167
63
215
95
1
113
152
108
121
0
14
117
172
141
20
189
106
153
155
186
159
63
1
72
171
144
95
149
0
104
146
154
1
0
123
1
169
1
41
135
216
175
116
175
1
68
87
232
197
0
18
207
3
127
77
131
120
1
114
142
0
95
1
162
9
42
224
163
44
181
84
55
119
145
0
176
39
172
22
191
120
128
17
38
176
171
28
38
0
1
0
0
1
23
1
0
87
1
4
139
135
164
1
78
61
104
0
1
0
45
0
1
0
60
48
1
106
1
71
103
1
80
27
0
0
115
59
0
1
105
0
0
112
187
1
144
64
0
141
101
166
28
129
65
114
186
117
187
0
156
195
92
188
139
1
1
91
1
0
0
102
67
243
4
102
36
61
92
243
64
129
35
111
161
181
159
141
117
0
5
140
86
243
115
60
164
0
153
112
91
114
220
0
0
1
100
1
123
8
0
155
175
128
101
0
100
149
87
163
145
162
73
100
141
0
38
147
154
171
0
158
1
1
0
199
1
96
1
87
0
1
114
0
198
12
1
162
0
1
177
116
239
167
1
123
1
149
0
52
1
148
0
228
194
125
0
104
0
0
43
82
92
33
0
26
124
161
0
89
163
195
52
0
199
24
255
176
123
105
1
28
94
55
105
75
0
0
192
252
0
11
0
255
100
176
180
134
145
0
1
0
166
198
1
33
64
138
